107058297882
108374611122
120227161902
121396387852
133884544782
154467173242
172744956132
180349618302
193258993022
201636147772
201799015382
205084058282
230788192362
231990200602
234817872262
240446469262
241868923352
261649226642
271418565122
283806540642
286562227652
301769970312
314966136482
339077225342
343955079222
351892230542
357412474172
378357381782
379687140432
382027757032
383958365552
387242127852
391232187412
392516639432
397927688942
398130082402
406930870872
414409815632
420041925872
425155475452
427602082552
435953399652
461500919732
480079353992
484057452652
487332071292
514708050392
515312717954
519691553522
520781448422
550834031692
556356657352
565266905912
568403777062
571600342122
582168247622
595110654412
607912691482
611456390152
613244308572
614527717002
616744282622
629167680332
632235703492
632681436442
636739552452
642250749202
647739326432
655719806692
658051162982
659715384552
665618502822
671891193042
688377885702
689070958742
695750982812
701983539082
711156438102
717153128642
724492764772
727136140642
743131592932
743282090632
747685212672
749068784762
754490399442
759704932172
762989295672
775286396592
781911476172
783099080022
783255517912
791881966492
792661394232
807556392912
807720092212
813485596812
840889353082
844733089742
859413104052
869556942232
878032369002
880555790012
894211962322
903020141852
917018440262
925720962352
927611708912
929959532702
932105708832
945378643652
950101734962
951409786802
961865707152
965142315132
967700252932
971513357252
971736201312
977236207742
